 -9.5064430436637593e-01
  9.1387957738605454e+00
  2.4853380982294176e-13
 -2.0294325677900003e+03
  5.3745163278520902e+00
56
  1.5707963267948974e+00
  1.5707963267948974e+00
  1.5707963267948974e+00
  1.5707963267948974e+00
  1.5707963267948974e+00
  1.5707963267948974e+00
 -1.5707963267948974e+00
 -1.5707963267948974e+00
 -1.5707963267948974e+00
 -1.5707963267948974e+00
 -1.5707963267948974e+00
 -1.5707963267948974e+00
 -1.5707963267948974e+00
 -1.5707963267948974e+00
 -1.5707963267948974e+00
 -1.5707963267948974e+00
 -1.5707963267948974e+00
 -1.5707963267948974e+00
 -1.5707963267948974e+00
 -1.5707963267948974e+00
 -1.5707963267948974e+00
 -1.5707963267948974e+00
 -1.5707963267948974e+00
 -1.5707963267948974e+00
 -1.5707963267948974e+00
 -1.5707963267948974e+00
 -1.5707963267948974e+00
 -1.5707963267948974e+00
 -1.5707963267948974e+00
 -1.5707963267948974e+00
 -1.5707963267948974e+00
 -1.5707963267948974e+00
 -1.5707963267948974e+00
 -1.5707963267948974e+00
 -1.5707963267948974e+00
 -1.5707963267948974e+00
 -1.5707963267948974e+00
 -1.5707963267948974e+00
 -1.5707963267948974e+00
 -1.5707963267948974e+00
 -1.5707963267948974e+00
 -1.5707963267948974e+00
 -1.5707963267948974e+00
 -1.5707963267948974e+00
 -1.5707963267948974e+00
 -1.5707963267948974e+00
 -1.5707963267948974e+00
 -1.5707963267948974e+00
 -1.5707963267948974e+00
 -1.5707963267948974e+00
 -1.5707963267948974e+00
 -1.5707963267948974e+00
 -1.5707963267948974e+00
 -1.5707963267948974e+00
 -1.5707963267948974e+00
 -1.5707963267948974e+00
  0.0000000000000000e+00
  4.7079814910433191e+00
  6.1128270703064009e+00
  1.2158433543457200e+01
  1.3562970817700041e+01
  1.8270835373298421e+01
  1.8270835373298421e+01
  1.3278560987648357e+01
  1.2922935323866021e+01
  1.1580698982134814e+01
  1.0953549919936112e+01
  1.0679873842435908e+01
  1.0657362779817547e+01
  1.0608763074814760e+01
  1.0607487211422333e+01
  1.0573948371569918e+01
  1.0481671361863416e+01
  9.4956047652155071e+00
  9.4782447294211618e+00
  9.4725708619447513e+00
  9.4723611071600970e+00
  9.4646842689726078e+00
  9.4613249840029692e+00
  9.4284648831718432e+00
  9.3868414751804661e+00
  9.3567910153562099e+00
  9.3538462869258492e+00
  9.3472011216049218e+00
  9.3470211806936216e+00
  9.3421860863620321e+00
  9.3277696276981725e+00
  8.9541430435593448e+00
  8.9398715046750308e+00
  8.9350894015926432e+00
  8.9349114783372041e+00
  8.9283432175413200e+00
  8.9254341167240892e+00
  8.8958120026089667e+00
  8.8550800506199199e+00
  8.8234660558975868e+00
  8.8202832982240125e+00
  8.8129174627703328e+00
  8.8126832746913717e+00
  8.8069193379883508e+00
  8.7894064650023278e+00
  7.7860046910631739e+00
  7.6903493957946063e+00
  7.6552273341655006e+00
  7.6537571949400203e+00
  7.6056617963437914e+00
  7.5836936082559436e+00
  7.3137438326139703e+00
  6.6888981601644737e+00
  5.3476504085073753e+00
  4.9921036349604133e+00
  0.0000000000000000e+00
  9.5869042988772249e-11
